n_hidden: 32
32, 0.107813, 201.835508, 0.000000
64, 0.099782, 143.813761, 0.000000
128, 0.102673, 113.707583, 0.000263
256, 0.104343, 79.776840, 1.584930
512, 0.110897, 59.093818, 1.957515
1024, 0.108841, 47.343192, 2.129382
n_hidden: 64
32, 0.099782, 395.743516, 0.000000
64, 0.104536, 252.048922, 0.000000
128, 0.100296, 147.819837, 0.000000
256, 0.104151, 101.152931, 0.320757
512, 0.109676, 73.588000, 1.650289
1024, 0.105114, 64.957757, 1.998430
n_hidden: 128
32, 0.103058, 559.096951, 0.000000
64, 0.097983, 316.589888, 0.000000
128, 0.097469, 213.588598, 0.000000
256, 0.102609, 144.589334, 0.000177
512, 0.104086, 118.026071, 0.336660
1024, 0.103958, 111.327869, 1.606067
n_hidden: 256
32, 0.101709, 1103.834783, 0.000000
64, 0.105371, 640.440128, 0.000000
128, 0.101131, 413.790048, 0.000000
256, 0.102352, 309.168687, 0.000018
512, 0.104408, 282.438002, 0.003439
1024, 0.103637, 260.680049, 0.441645
n_hidden: 512
32, 0.099653, 3145.812776, 0.000000
64, 0.097983, 1857.488013, 0.000000
128, 0.096633, 1157.412173, 0.000000
256, 0.100424, 860.087180, 0.000004
512, 0.101067, 704.653795, 0.000457
1024, 0.101195, 628.418780, 0.013873
n_hidden: 1024
32, 0.098754, 9257.178573, 0.000000
64, 0.096890, 5048.546684, 0.000000
128, 0.097019, 1811.061201, 0.000000
256, 0.101838, 1114.608141, 0.000001
512, 0.103637, 926.096724, 0.000103
1024, 0.103123, 876.629313, 0.001457
