n_hidden: 64
64, 0.537879, 32.640107, 0.667246
128, 0.545455, 23.450276, 0.686301
256, 0.477273, 18.666255, 0.686654
512, 0.454545, 12.734448, 0.693144
1024, 0.462121, 6.430465, 0.688322
n_hidden: 128
64, 0.545455, 75.793923, 0.680890
128, 0.545455, 46.170086, 0.681201
256, 0.462121, 34.818947, 0.683725
512, 0.462121, 23.648706, 0.687982
1024, 0.477273, 11.909405, 0.688392
n_hidden: 256
64, 0.522727, 173.767590, 0.680895
128, 0.545455, 109.539906, 0.690672
256, 0.477273, 75.645222, 0.686629
512, 0.462121, 47.659654, 0.688834
1024, 0.477273, 24.353856, 0.688181
n_hidden: 512
64, 0.537879, 413.025678, 0.680987
128, 0.545455, 247.589071, 0.687908
256, 0.462121, 183.604276, 0.683745
512, 0.462121, 122.589131, 0.687842
1024, 0.462121, 53.796381, 0.687861
n_hidden: 1024
64, 0.515152, 1313.085761, 0.667276
