n_hidden: 64
64, 0.666667, 123.312593, 0.000000
128, 0.621212, 77.260566, 0.000001
256, 0.621212, 31.865446, 0.000008
512, 0.681818, 15.693616, 0.000008
1024, 0.681818, 8.308324, 0.001206
n_hidden: 128
64, 0.628788, 97.163506, 0.000000
128, 0.674242, 65.889485, 0.000005
256, 0.643939, 42.367969, 0.000001
512, 0.659091, 22.562470, 0.000127
1024, 0.628788, 11.133075, 0.000258
n_hidden: 256
64, 0.689394, 169.624732, 0.000000
128, 0.628788, 104.791280, 0.000003
256, 0.606061, 71.653728, 0.000000
512, 0.659091, 48.669496, 0.000119
1024, 0.651515, 24.996980, 0.011798
n_hidden: 512
64, 0.681818, 427.140035, 0.000000
128, 0.643939, 348.036249, 0.000000
256, 0.659091, 336.111975, 0.000000
512, 0.681818, 249.035238, 0.001479
1024, 0.643939, 204.190323, 0.000274
n_hidden: 1024
64, 0.681818, 2745.865442, 0.000000
128, 0.628788, 1488.007201, 0.000004
256, 0.643939, 1182.456307, 0.000123
512, 0.681818, 779.001136, 0.000057
1024, 0.575758, 364.716811, 0.023858



n_hidden: 256
32, 0.575758, 623.095880, 0.000800
64, 0.704545, 828.261077, 0.000754
128, 0.575758, 1085.234332, 0.082117
256, 0.583333, 1736.609559, 0.632340
1024, 0.621212, 3260.544253, 0.573656