n_hidden: 64
64, 0.304688, 95.507695, 0.000000
128, 0.324219, 62.040085, 0.000001
256, 0.320312, 45.931012, 0.000006
512, 0.328125, 37.153291, 0.000013
1024, 0.332031, 27.171564, 0.000057
n_hidden: 128
64, 0.304688, 173.377232, 0.000000
128, 0.371094, 109.290059, 0.000000
256, 0.332031, 77.267344, 0.000003
512, 0.324219, 74.718861, 0.000052
1024, 0.382812, 49.065855, 0.000237
n_hidden: 256
64, 0.265625, 402.169574, 0.000000
128, 0.359375, 290.880072, 0.000000
256, 0.324219, 225.556561, 0.000002
512, 0.316406, 204.634095, 0.000055
1024, 0.402344, 152.440921, 0.000226
n_hidden: 512
64, 0.234375, 1081.626418, 0.000000
128, 0.363281, 641.604468, 0.000000
256, 0.367188, 442.557048, 0.000001
512, 0.351562, 357.803364, 0.000022
1024, 0.343750, 234.925808, 0.000228
n_hidden: 1024
64, 0.277344, 2403.661872, 0.000000
128, 0.347656, 903.845462, 0.000000
256, 0.359375, 539.651954, 0.000000
512, 0.375000, 491.993936, 0.000021
1024, 0.351562, 337.883798, 0.000107


