n_hidden: 32
32, 0.504810, 60.082360, 0.000000
64, 0.513886, 35.067803, 0.000001
128, 0.535306, 23.128850, 0.392044
256, 0.552369, 18.574475, 0.515786
512, 0.568343, 14.951541, 0.551715
1024, 0.579416, 14.077609, 0.582866
n_hidden: 64
32, 0.511345, 88.803688, 0.000000
64, 0.524052, 52.687612, 0.000000
128, 0.532583, 37.600585, 0.000224
256, 0.563079, 27.991523, 0.367458
512, 0.565620, 24.813313, 0.490698
1024, 0.596297, 20.804869, 0.477606
n_hidden: 128
32, 0.534761, 127.536775, 0.000000
64, 0.518424, 92.290600, 0.000000
128, 0.556181, 62.932394, 0.000000
256, 0.545834, 51.921482, 0.000831
512, 0.578508, 41.351645, 0.213425
1024, 0.594300, 51.546403, 0.280122
n_hidden: 256
32, 0.508804, 418.709072, 0.000000
64, 0.559267, 247.097948, 0.000000
128, 0.558722, 140.302493, 0.000000
256, 0.585224, 128.245187, 0.000004
512, 0.575967, 107.325706, 0.001220
1024, 0.587765, 127.453714, 0.026373
n_hidden: 512
32, 0.552732, 1914.386941, 0.000000
64, 0.519150, 1281.452183, 0.000000
128, 0.572336, 926.525843, 0.000000
256, 0.579052, 659.939167, 0.000001
512, 0.607551, 561.461160, 0.000054
1024, 0.605192, 557.107180, 0.000794
n_hidden: 1024
32, 0.539299, 7920.813277, 0.000000
64, 0.542748, 5191.304230, 0.000000
128, 0.574151, 3391.893660, 0.000000
256, 0.576330, 2376.521572, 0.000000
512, 0.597205, 2357.451175, 0.000006
1024, 0.608822, 1976.062899, 0.000060
